810
351
330
282
324
44
100
979
271
380
268
333
804
184
259
930
49
125
893
516
361
528
398
908
238
987
436
139
92
897
512
951
477
685
746
753
433
156
664
272
268
91
94
427
974
773
333
443
220
91
970
865
996
341
684
978
321
448
256
293
445
461
404
176
737
987
51
782
458
366
119
22
517
597
766
585
129
543
829
943
916
682
924
936
684
704
755
23
549
829
195
798
568
725
8
525
599
937
639
66
364
798
587
11
750
141
474
812
22
835
190
730
570
820
556
516
923
111
324
298
12
160
150
316
183
443
615
443
617
60
765
328
296
984
713
405
589
431
394
61
86
433
272
904
457
969
790
966
386
759
738
1001
39
522
445
867
553
253
312
660
865
399
191
647
36
462
133
594
513
912
441
567
26
888
528
925
805
528
520
511
768
334
225
328
504
866
108
570
477
368
24
961
380
999
314
61
618
455
261
16
504
274
903
517
77
353
945
314
743
471
432
783
938
407
888
156
428
643
633
840
618
828
635
700
931
504
543
506
787
518
846
632
905
179
154
514
972
876
963
988
389
12
792
95
250
366
838
681
441
131
266
12
518
919
45
668
270
434
779
610
23
663
927
508
40
714
468
883
368
610
211
220
764
123
334
468
532
153
203
780
341
578
153
963
215
139
571
560
136
332
701
860
948
59
7
223
406
418
74
678
856
216
141
451
224
224
794
424
888
47
689
869
508
349
703
24
529
641
679
138
711
766
627
635
546
201
63
172
427
561
785
590
591
19
803
149
276
967
470
655
965
17
238
276
637
290
977
686
702
342
25
165
409
211
20
54
370
752
172
851
54
165
218
536
373
22
593
190
354
910
408
576
798
282
197
523
391
206
467
62
993
157
465
897
49
701
67
69
194
422
582
312
534
921
438
599
771
334
889
187
590
205
418
803
912
959
448
631
828
321
521
884
292
561
153
698
392
727
583
588
519
997
391
637
600
809
543
123
839
861
191
549
200
136
643
63
128
553
880
403
55
442
196
187
479
41
698
911
291
773
305
187
3
186
502
101
594
885
249
268
923
249
14
636
203
512
761
132
762
336
202
745
239
28
430
700
151
33
747
312
794
33
260
189
31
571
389
481
406
167
490
823
756
925
560
262
276
748
920
187
713
892
412
118
295
591
932
697
225
304
278
772
47
768
439
570
696
409
530
752
683
762
333
521
814
514
615
612
322
631
767
951
718
750
365
816
449
856
502
367
741
844
83
544
704
363
518
488
458
507
828
416
603
719
112
1
712
571
802
518
358
614
682
809
466
404
446
85
181
567
765
224
633
951
820
638
642
908
231
656
644
348
59
174
775
433
747
86
787
422
201
109
958
569
804
586
689
316
871
142
624
950
357
921
522
60
276
876
434
749
324
284
778
4
599
95
498
736
532
332
267
364
786
827
118
608
509
363
639
543
46
771
977
523
202
828
301
252
535
499
374
741
383
688
998
525
978
452
866
261
242
645
310
971
335
196
538
416
612
239
856
577
655
201
948
281
447
48
324
463
242
404
762
378
800
192
155
16
346
563
903
217
556
351
706
469
888
570
739
338
349
875
607
211
384
465
515
300
657
502
969
173
215
953
126
427
820
357
782
815
26
16
426
756
667
54
925
59
971
934
602
414
15
69
496
812
679
727
10
349
385
159
571
469
335
472
266
843
141
144
808
125
400
911
166
236
159
691
656
129
914
298
962
784
611
894
740
319
400
448
625
47
11
928
343
945
544
699
82
113
19
605
227
841
658
985
194
714
556
468
235
134
193
470
410
117
968
468
132
708
659
501
949
472
591
547
4
958
300
555
289
34
835
386
932
484
19
843
84
822
171
864
734
942
930
24
176
96
316
292
871
738
519
483
271
516
940
974
162
600
446
592
92
120
968
762
92
731
894
678
354
980
318
116
622
80
194
878
310
870
553
614
885
936
142
806
602
867
763
206
383
526
887
15
10
946
659
367
612
660
633
751
351
545
214
591
501
146
288
115
724
35
169
662
186
579
918
199
903
801
432
930
52
798
940
142
187
243
792
301
436
182
69
153
475
736
478
1
53
456
263
872
584
769
364
908
964
789
112
558
750
925
334
20
520
422
967
749
982
204
908
192
500
890
141
829
89
334
784
491
758
392
613
864
646
554
989
170
382
60
741
470
175
44
660
222
126
603
457
381
975
598
505
177
295
914
943
120
157
299
863
512
997
642
438
253
100
512
445
175
765
214
462
658
863
844
313
196
775
426
401
137
452
843
173
336
610
37
455
985
567
